Predicted
5.854
