Predicted
36.002
